8.99923060834408
10.8621406592429
5.3630767352879
9.14932758919895
9.77968922816217
8.38306472636759
5.27880397997797
5.34935919754207
8.6542981415987
5.44368495233357
4.56870115920901
9.77029312029481
6.3761075604707
8.32818809524179
5.54753435775638
3.41332871466875
6.13209344632924
8.01397869735956
4.20075505040586
5.38114989362657
7.3492042273283
8.26653651706874
4.35238158516586
7.664988623932
3.47267288155854
8.76558758690953
10.5329779069871
7.73789598420262
8.71065577119589
5.15893991664052
5.2221761494875
9.23701884411275
8.99091755971313
9.29490589536726
8.00969239883125
6.49556834623218
4.85481792502105
6.17640163376927
3.89702634513378
5.46089922077954
10.1588991396129
7.81087214127183
9.32189762592316
5.56020546518266
3.75949595496058
4.61464793980122
3.01624603010714
7.96197326108813
6.9446517881006
3.10016658715904
6.66038938052952
5.24335537292063
10.4918867629021
9.12365234643221
3.84367072023451
3.06803210452199
6.3917388767004
3.25125541165471
9.9280163589865
7.16747911833227
8.81718837656081
4.26389615237713
10.2892540190369
10.3969160337001
4.16187991015613
9.5383385438472
3.13971936702728
8.55832579545677
10.0350440181792
7.63036167062819
7.05327191762626
6.53063828498125
4.71380238980055
3.68341896310449
7.071483861655
8.39028077013791
3.3224052041769
6.3193047400564
9.191754989326
10.9712196942419
4.77695933356881
6.78014071844518
6.34932049550116
6.69250776432455
4.0227363537997
9.42538373544812
3.86150536313653
3.06311838328838
8.68372941203415
4.32630311511457
5.03707700222731
3.75732923671603
9.37899753451347
9.32626385055482
5.09016928821802
6.41952028311789
5.36958984658122
3.88276726193726
3.87244934588671
7.81998427771032
5.90453291870654
5.09897966124117
3.69280139915645
5.73481221310794
9.16619602404535
3.33294896967709
10.526192907244
7.57130221091211
7.82169072329998
9.52903159894049
5.15508838370442
3.92890898510814
8.71143750287592
4.5696132350713
6.86786155961454
4.6343228276819
5.80256104655564
10.7024518512189
3.42051153071225
3.14991429820657
3.75841213576496
5.79984719865024
6.9435344543308
10.0410994272679
5.47608621045947
8.11982388421893
4.2692772615701
5.45774672552943
10.7135741300881
6.38573547825217
8.03849724493921
10.7777749411762
10.7744802031666
5.05882372893393
9.22271725349128
5.76042134687304
9.85347464121878
10.8651727642864
10.4155874364078
8.26902578771114
10.8621728289872
4.57037975639105
4.72589445486665
8.0282194558531
8.9418619107455
5.0933077018708
8.89177064970136
6.37182105146348
7.95547235384583
4.90051058679819
5.77660948783159
5.39396114088595
7.24664037115872
6.13127374276519
7.87497440725565
3.62077337130904
9.88653745874763
6.85548106022179
4.2431048322469
4.71155134402215
8.29591018520296
10.363231299445
4.69307253696024
5.7357769664377
6.24815723672509
5.63573263213038
3.80617651902139
10.0834020543844
7.0425536185503
7.11198565922678
7.27272177115083
5.68983537144959
5.61410576291382
3.54584704712033
3.75735400989652
4.92986683920026
8.96507022157311
7.59261985681951
8.66384584456682
9.16552082449198
6.28294449299574
4.4976374283433
5.27266741544008
3.66326179355383
4.77657768130302
5.39717931114137
9.84746419452131
8.59742515347898
7.66831974685192
10.5227600391954
10.9537318591028
8.29717449098825
4.44876020774245
4.74517420679331
7.45572697557509
6.51448933780193
10.8624456301332
3.28080036491156
9.52621367760003
4.40626636892557
6.60181087255478
5.93950907327235
6.33093136921525
5.01969574950635
9.2477355375886
3.06658685021102
3.63712504692376
6.79550040699542
10.0798774864525
9.07154197990894
3.62413430213928
8.7172495238483
9.10639853402972
4.39347363635898
3.44944957271218
5.29582453332841
5.76606624945998
3.19816138595343
10.2645120639354
4.38557337224483
8.60225246101618
9.44771259464324
7.84737917408347
9.30448831804097
7.77086434327066
5.04262676648796
7.445077707991
6.70857127569616
8.04224141687155
5.25836831703782
10.5890849921852
3.83146149478853
6.84467496350408
4.5490660071373
4.77537916973233
3.68799051456153
3.68485149182379
7.11380681954324
7.86852676048875
5.95296601578593
8.3669177852571
4.33125667460263
4.49824675731361
6.63453205116093
9.92499490082264
3.22789826989174
7.04543934576213
4.06083858199418
10.6365687754005
7.18343722634017
9.09476560726762
5.18127978406847
6.28998681716621
9.28972809575498
3.66161195188761
4.94445506110787
3.42415301688015
8.10677861236036
9.02660638466477
5.11639590933919
8.86617226712406
6.52521369419992
10.1632709316909
6.42359968833625
10.7640739511698
5.06437170505524
9.73674286529422
10.3569791503251
6.97413150593638
6.7134266756475
4.55634123831987
5.2943202983588
9.41753655485809
4.57243616133928
7.90628911554813
8.97851138189435
7.18660837598145
10.7449055165052
4.36396836861968
8.1102136541158
7.54659751243889
3.61930670402944
8.67929912544787
7.38828923925757
3.34734827838838
9.34316789917648
6.15427465923131
5.89739184826612
7.20035137608647
3.53018188476562
5.46856275759637
7.71363290399313
8.88167254067957
9.54601719975471
6.63088076002896
8.36374928615987
4.61320994794369
5.21676205471158
8.47804867848754
7.02682073228061
3.95038909465075
4.06717929802835
9.71470237150788
3.02456628903747
10.5994727555662
5.23060978762805
10.8103252910078
4.80794014409184
3.14270806498826
9.57997092418373
4.9688269123435
5.99135190248489
5.61166292801499
4.20869520679116
5.25082657299936
9.95684128440917
6.6650520209223
5.76881142146885
8.70217121206224
6.12733868323267
4.40913441032171
6.70970963686705
7.24593815766275
10.6413072999567
4.53188776783645
10.665280027315
4.44980695657432
10.8174463734031
8.64025187306106
3.18204431794584
9.16710043884814
10.461468540132
8.69447571784258
9.48506512865424
4.93484698608518
6.25587268732488
8.56045712530613
5.06365649402142
3.85960756987333
3.05668719485402
9.66204509884119
9.48679837584496
4.81046679615974
5.8788048364222
7.30200975388288
9.5406237449497
5.32356804423034
4.53999886475503
5.81088600121439
4.04814957454801
10.3811848256737
6.60911812633276
5.21089160814881
7.84014042280614
10.7390053588897
8.6273456569761
10.6355570163578
7.30225074104965
7.65558762848377
8.91042452678084
3.62022834457457
4.26483409851789
10.04953587614
8.28324124775827
7.33340313658118
10.0150807984173
3.70324831828475
6.47843164950609
6.73784721270204
10.7705418709666
5.59906275570393
9.04015893489122
4.46922288835049
4.45493113435805
7.61735525727272
7.92428648844361
6.42261089012027
5.55887522920966
10.3532443605363
6.53576309978962
10.491697281599
4.57837552763522
5.65991957299411
5.97631626576185
3.3272942174226
8.2922686804086
9.1440229061991
5.51154698245227
5.58225327730179
4.96012525632977
10.8848924729973
10.2496685162187
4.23951612785459
4.68067774176598
6.56496336683631
7.0354486592114
6.69234366901219
6.42910568229854
5.56185384839773
8.49538162909448
7.32950526662171
7.37508226558566
4.77285560406744
8.04825552552938
8.17862801253796
7.71782830357552
9.93333308957517
5.38229150883853
3.03176337108016
6.3257833532989
8.37503245286644
3.48087302222848
8.7050646096468
9.24632528983057
6.3624744862318
5.5917588006705
8.13394348882139
4.18853900395334
9.33138491585851
8.28059835918248
4.85236353427172
8.07276439480484
8.95431330613792
8.40680224820971
5.98049093037844
4.17170451581478
7.90790466964245
7.49101977609098
9.22636207193136
8.00679847225547
9.39485498331487
9.06543697416782
5.29705785401165
10.9675338603556
10.8879185505211
3.00858027674258
6.72970908880234
7.40933468565345
3.75886643491685
3.62081195600331
8.86756191216409
8.67337592691183
6.42581403255463
4.17701817862689
6.80914292670786
9.28542566113174
9.64427703805268
3.58280694112182
4.81491945497692
7.17713212408125
4.77023149654269
3.55246493034065
9.1210473831743
10.6210346855223
3.82142359018326
5.29816698841751
3.16293372958899
3.85214198380709
7.12346671707928
3.24551186151803
3.26323993131518
7.66773527115583
8.35100067034364
4.32912698946893
8.39892763644457
6.69654158875346
9.1062887776643
5.01586935482919
6.25781202502549
9.9113458506763
7.52515802532434
6.48665420524776
6.20979271829128
4.81157680228353
8.97069508768618
7.38437136821449
10.2056464292109
3.54984259046614
3.71843916550279
9.04745743051171
8.75219370611012
7.40670402161777
4.18070305883884
9.48147627338767
10.8283305708319
8.60280145145953
10.8345638606697
5.448236618191
7.0414139200002
8.46548660844564
8.83379197493196
8.72226334176958
10.9184356257319
10.3845789860934
5.6587383300066
3.43042366951704
3.97034174017608
4.65192517079413
7.2092929892242
8.80040850304067
3.88736266642809
9.90880743972957
6.92175195738673
5.58248507417738
6.74953086487949
4.63415148667991
7.96385848522186
10.6481194999069
10.1327771563083
4.56790798902512
4.61811903864145
10.5944777950644
9.17844749614596
5.6078578196466
6.64162321202457
5.17648079060018
4.03544095344841
7.50562277249992
8.44800679944456
9.77268517576158
8.16608671098948
5.40058481507003
3.81437372416258
6.27981197275221
8.51778219826519
4.55633045732975
10.8947304803878
10.7064023427665
9.35035669989884
6.03128067962825
4.83964078314602
3.35946835018694
3.0249405130744
8.86483112536371
8.57187973707914
7.99964586831629
5.99418810196221
8.16113710217178
7.50114674866199
9.11382233910263
8.93172623030841
6.28348710387945
9.09221730008721
7.59634416736662
7.80615876801312
5.52371194772422
4.57323789782822
6.01312666200101
6.43910179287195
7.68256602622569
4.92753841914237
6.55191477574408
8.7284047305584
4.98195260576904
3.53433112613857
9.97101597487926
7.79399646818638
3.71385606192052
10.1002555880696
6.33372419886291
8.49689050577581
5.70824845694005
5.33115810155869
6.67588474415243
7.23690000362694
8.44797115586698
8.10944641754031
10.9381559416652
5.97136233001947
8.13183195330203
4.2597308345139
5.69686256535351
8.98498494923115
4.99948840588331
3.57386835664511
3.43032626621425
5.16351671516895
7.06200723350048
3.5904409699142
8.18586184456944
7.03960977867246
10.0357453636825
6.39908148162067
4.73142610490322
8.89838146604598
7.14230900816619
8.70925502106547
6.51392698474228
7.86550780013204
6.60693522170186
9.69307431206107
4.09888651408255
6.90214517898858
8.44743287749588
4.6023111268878
7.81324481405318
5.41932243481278
4.5174479149282
8.22821249626577
6.10292471945286
9.95224012434483
7.88836083374918
10.816771319136
9.57272541336715
7.54331425204873
3.39944561012089
4.89132487587631
4.54402394592762
8.17647222243249
6.19693363644183
9.90648375824094
10.911886556074
3.89667416922748
9.5053875092417
8.65245865285397
9.28717702068388
10.2850866895169
6.42249319702387
4.91756759770215
3.80865268036723
8.61207017488778
5.93626514449716
4.7178901527077
6.69138714112341
5.3038789704442
7.82824494689703
5.36732415668666
5.61086469516158
8.98570482060313
5.79381259903312
3.70497246459126
4.32517549209297
5.69756262004375
9.78865660354495
6.03481689468026
10.9981796573848
4.45247449353337
5.30417535081506
4.15948089957237
7.90190086886287
6.1712343711406
4.1412553768605
7.92582624033093
3.34460438787937
9.64605570025742
10.3382237832993
8.38854822702706
4.41713332757354
3.90389292500913
10.8044248595834
8.97734846360981
8.46521433442831
3.44319408200681
10.2161299400032
4.98535319045186
5.22058176994324
5.38909431546926
5.59597550518811
4.34329262375832
5.41353308036923
3.07696927152574
9.90804048068821
7.73161371797323
8.03307893313468
3.84462888166308
4.16319213435054
7.61532993428409
3.16616281121969
6.92624963447452
4.0912843644619
8.23420676775277
5.02804233506322
5.2441787160933
5.19109955616295
7.05035142973065
6.25914071500301
7.01429716870189
9.53130051121116
5.78671900555491
7.57725956663489
4.79500004090369
8.47145423106849
4.78412601165473
8.22255865670741
5.13468534499407
5.69785197451711
9.33352557383478
3.52609993331134
3.1926734559238
7.19852540828288
9.46157274581492
8.57804784364998
5.49030623398721
6.52794660627842
6.48692843690515
4.6703870575875
5.07811847515404
7.33664309233427
8.63995905034244
3.06259598210454
3.18929652869701
5.86249848082662
9.81788740493357
6.98295894451439
7.5046927202493
4.66218239441514
8.53683546371758
10.63737023063
9.40558029524982
7.76142193004489
8.77846725843847
4.80597602203488
7.22191536799073
3.83940348774195
4.49954197742045
9.56187061592937
9.39649594947696
5.04541704431176
4.73075085505843
8.11815979517996
6.33404719643295
3.31725986860693
7.19873708672822
9.05617939308286
6.64265831001103
5.78517996519804
9.25629909709096
4.15836772881448
5.93397352471948
7.43195880576968
7.87624293193221
5.5835508685559
4.04607154428959
8.32370008528233
3.15140358917415
8.89882136322558
7.77955750375986
10.7283961828798
5.83206001669168
9.34832411631942
3.65269050374627
5.41347976215184
10.3533180505037
10.3076935652643
3.24615376442671
9.91305497288704
8.99390119686723
8.17033261246979
7.00968590565026
8.88145341910422
5.9509673062712
10.7228588815778
7.56942214071751
6.36049375869334
10.2375252842903
5.17244823090732
7.49581133201718
7.43914305791259
8.79540367610753
9.75528362952173
7.7464682161808
8.30951296538115
5.59014234691858
8.87616056203842
7.84633004292846
5.65809717588127
10.6485772375017
3.92622428573668
9.85161754488945
4.83026383444667
4.03785836882889
5.05776644870639
9.58231223933399
5.72718801349401
9.2023502420634
6.22785090655088
7.12992224656045
10.4233014900237
9.59083485603333
6.17135266959667
4.61868629418314
5.730089712888
10.6433039922267
10.7010049782693
9.57891622744501
7.35802905634046
7.88352300971746
8.77368577569723
6.26075012609363
7.22738741151989
8.58526823855937
9.02665451914072
8.89970765821636
9.07382400147617
4.21900166198611
6.2140692062676
10.5465178564191
8.13363144174218
3.60590627416968
6.78365415520966
7.32616964355111
5.69166685268283
10.7205125968903
6.38939684070647
3.97833997383714
3.99517735093832
8.79902486875653
3.74585030600429
5.22158544696867
8.4039489980787
8.33622519299388
4.0050404984504
5.13618724793196
4.9308127425611
5.17822122946382
3.69281095452607
10.4953622631729
4.42033837176859
4.66377384029329
3.58633489534259
9.48181335255504
5.29766243323684
9.7849798053503
3.90158933214843
7.80308605916798
10.6210571750998
8.71807492524385
3.98152062669396
7.06871270947158
5.73768529482186
4.32253788784146
6.56523742154241
6.31463164463639
10.7205671705306
7.9483235180378
5.23425278626382
5.02496729046106
8.1085695642978
9.12000676803291
10.2042226772755
4.73581899702549
9.04449681378901
10.4078386668116
3.75310290791094
5.12973366677761
6.62210237979889
3.8588342256844
6.05503434129059
4.54483614861965
10.8255438413471
7.3244213797152
9.96587004698813
3.90391209349036
6.58713825792074
8.95128244720399
6.24846866168082
5.45864206179976
10.7952562291175
3.09919222071767
3.16605172120035
7.85946632176638
8.10235019773245
6.45288124680519
8.6475150026381
10.7031676229089
10.5523081794381
3.53872171603143
8.62271518073976
4.99712748266757
4.01076081581414
4.22662938944995
10.4121200144291
8.14524189755321
4.56086887046695
5.99044530838728
4.80083469860256
8.29578269086778
7.78380230441689
4.08621408417821
3.13584880530834
10.0605362784117
6.37226186692715
5.09308266453445
3.54011638276279
10.2164831869304
3.01449355110526
5.07126933895051
5.73624391853809
5.62322781793773
10.2637779619545
8.6783105339855
4.04859818890691
10.0982166454196
5.69275518134236
4.57734118402004
9.16087866388261
7.71448929049075
5.9666499812156
3.21293098293245
10.9484090488404
9.25942752324045
9.94355665519834
10.1623159386218
9.6758825853467
9.45700816437602
7.02157486230135
7.32343532890081
4.83851931616664
8.30589394271374
7.23807544261217
5.74348412454128
3.60544063150883
9.83329858444631
8.9201866723597
4.09799180552363
3.70668913237751
9.14324492402375
3.15433267131448
3.57091584429145
5.95338651537895
10.0053060557693
7.00533100031316
5.2395615298301
4.00370774790645
4.75691669806838
5.64659836702049
6.95007745362818
5.97932557202876
8.04542070254683
9.60330472700298
5.91289824061096
6.19721093960106
10.1177179086953
6.70978078432381
9.84189808927476
4.5274469293654
5.00749194994569
10.2214455250651
7.13593233190477
10.0909165162593
10.7590846829116
4.30823258124292
9.84741575270891
5.98557754606009
3.37605274654925
10.2546565178782
10.4325265437365
5.89054540358484
4.70839800313115
7.53434788249433
9.29822863638401
8.01915507391095
10.1634371522814
8.03074547834694
5.76542003080249
9.70380520448089
6.94743547029793
4.41863603331149
7.776013109833
3.23249510489404
4.3497469406575
4.81712640449405
5.3533160854131
6.3020654860884
6.59492753446102
5.39449032768607
4.11693278327584
5.90561756305397
8.01994404755533
8.46600169874728
9.58337664604187
3.15434479527175
3.10407293587923
4.82313537597656
6.2055461704731
10.4574876353145
8.08447022177279
7.86045370995998
8.46766584552824
6.78106720373034
9.98051829077303
5.47580475173891
10.0901949796826
8.69965356588364
4.16745390370488
9.64845017716289
10.1511500906199
8.15698014758527
7.72698606364429
10.9032705612481
7.32459050603211
4.90040021575987
9.75199123285711
8.74177831970155
9.9522370994091
3.73409569822252
10.7865982484072
9.18126603774726
7.55981044657528
6.14773896709085
4.888079456985
3.0864533148706
9.89950998872519
4.06257567927241
3.26217998750508
6.08948134817183
5.95354679040611
5.39473377726972
4.90656020119786
7.53223109804094
4.62080644443631
7.46665134467185
4.0074715949595
3.95227636955678
6.04650048539042
8.65639965236187
8.55794725008309
5.55769594013691
8.89443766325712
7.20235117338598
4.47331399656832
9.09903050400317
9.4265082012862
4.37435311824083
9.5963816139847
4.62088376283646
7.81438207812607
10.4447187129408
9.44421688467264
5.65181186050177
9.33913684263825
3.48846636340022
3.99967322312295
7.61947646178305
7.52313526533544
9.3665612693876
9.2018957734108
3.98168409429491
5.18110872618854
5.13342308811843
9.06191312149167
4.04195317067206
4.83248837292194
5.11767919920385
5.28359524905682
3.794941496104
4.19365079887211
7.65189961530268
6.39945715293288
8.59157915599644
5.62278457172215
8.46580585278571
3.35134554840624
10.4496403988451
7.31541003659368
3.7797930277884
6.63197520002723
6.97858721390367
4.70731639303267
6.52378120459616
4.08135444484651
3.07042502984405
8.46159488335252
10.9618418645114
10.9939362611622
5.53582526557148
9.52424459531903
8.85360269248486
6.65828278847039
10.3448010962456
3.17253442294896
10.2120957262814
5.3692094180733
7.8555152323097
6.47254303842783
5.4433030821383
3.15651517175138
6.89512768946588
10.0321751553565
8.9970480427146
5.73105182684958
7.73920529522002
3.35377028398216
3.20583691820502
3.4704560842365
7.83465600572526
9.98900413326919
5.36786401085556
7.37115420214832
3.46811963617802
10.2092953920364
6.76254742778838
6.28552332706749
6.84750619716942
4.50876288302243
3.8513454683125
9.01578279770911
3.4874929394573
5.86676818877459
5.79988092556596
5.42004259489477
9.51241370663047
5.95625440962613
10.7010424192995
10.5749846640974
9.96480493433774
8.66971684619784
8.48858632519841
8.6147037204355
6.97356162406504
10.9108802489936
7.4308624882251
10.4135069679469
8.53310700505972
5.55073179118335
10.4057252835482
8.31232397630811
5.80176011286676
3.97995573282242
5.67447352036834
8.9730518553406
3.6380916684866
6.50969887897372
4.52770081907511
10.0957651268691
5.95030918717384
7.22389325499535
9.67276927269995
4.36544755846262
9.887047925964
7.17171710729599
6.16737106442451
4.68248398602009
3.86215770989656
8.7767599709332
3.28944471292198
6.03022113256156
3.71978146396577
9.29503416083753
8.70961004495621
7.2458806540817
6.41956522129476
5.54678308963776
3.0350385364145
10.7461648341268
9.2553561385721
7.29490173235536
9.2322887852788
10.4281390607357
5.91839418932796
4.47666522860527
4.12803342938423
10.6708749327809
3.07773944176733
7.56644312106073
4.04287137649953
7.98513262160122
8.55917976237833
7.88535370491445
5.2545708771795
9.93846966139972
4.15767193026841
6.74830926209688
9.54921391606331
6.85124540887773
8.82503748312593
5.86934115365148
7.49684290587902
6.41641410999
7.00456090457737
5.55221899785101
10.388080727309
3.04171362705529
3.79059085994959
10.2018402721733
4.12190367281437
9.52104464918375
5.39821357280016
5.19032341055572
3.40047883614898
9.13763039000332
4.66691295988858
9.5705077573657
9.7270948830992
4.90965544059873
3.88935551047325
5.79284745454788
10.7778925001621
10.0151554774493
5.29524200409651
8.56871979683638
10.7411426585168
3.84453993290663
8.58442787081003
8.53651644103229
6.54604238457978
10.3081919420511
3.35915786214173
6.78101147338748
8.22369159758091
8.01218628510833
7.16105345450342
10.0344585180283
7.85687334463
5.57787900045514
3.51234813593328
9.54597997292876
8.15185505524278
9.20217176713049
3.18384432978928
3.07349749095738
9.85761809907854
7.41703005135059
9.22905137389898
5.74756499193609
10.7740986142308
3.4934561457485
3.58746675588191
8.39888378605247
7.90938589908183
10.4183137156069
3.8232343159616
9.10983787477016
4.13609749078751
5.80692064017057
6.14100397191942
8.46439377777278
10.2209909688681
6.06010686047375
6.13291050493717
9.48303627036512
3.71351449377835
9.86481620743871
4.52759188972414
10.5024595875293
3.66115419007838
10.6990980599076
4.38188608363271
8.43542899936438
3.31817709282041
9.33359990268946
4.19116947054863
6.59541053511202
4.77133132144809
3.72694771178067
8.78356166742742
3.81587543897331
3.58225512690842
9.02437597699463
9.42304907366633
5.50312835350633
7.06157281436026
10.4289941824973
6.24714272469282
3.85450427047908
3.23502760753036
9.74415398202837
7.43338215351105
7.75628177635372
4.09213904105127
5.54693321697414
5.1200790591538
4.72670388966799
7.44137815572321
6.18085994757712
7.33815863914788
10.8257070500404
3.13683772087097
5.11753190495074
3.94881666079164
4.1188298240304
10.1393122393638
6.48015143163502
6.7071426063776
5.40928586944938
5.02696393802762
3.06377894803882
3.94090881943703
6.81734905578196
4.80221311748028
5.30795400217175
6.39808982238173
6.49986897781491
5.13410029560328
6.0641742348671
8.23387834429741
8.56581751443446
3.96786142885685
5.10342074930668
5.5567620601505
3.85396912321448
5.29626779258251
8.61142059974372
9.05187712237239
5.80613860115409
7.74019871093333
7.08675402030349
6.71626246906817
6.62774537503719
5.06831745430827
9.73476652055979
8.52126203104854
9.26593010127544
10.6469778679311
8.65209113061428
5.85695778951049
8.95684473775327
3.75508823245764
5.04555558972061
8.86300124414265
7.1305293738842
7.73461094126105
7.9785771574825
3.81130631454289
7.25331622175872
8.93195411004126
5.38102414272726
3.70342650637031
5.2066528853029
7.83862199448049
7.57390440814197
6.93050623871386
10.7016715649515
8.74780163541436
7.37055961042643
5.75785961188376
8.11305709928274
6.90521997585893
9.23790319077671
8.10267627239227
10.4768177941442
10.0948196407408
9.1058212351054
5.14392970874906
7.5772656518966
5.72413289546967
8.78140782751143
8.0824906565249
10.0486855581403
5.74106033146381
6.95238789729774
6.76177588477731
6.87607579678297
4.93170337378979
9.6398246102035
9.44371974654496
6.94742949865758
5.6501359064132
8.57247019745409
8.03543497435749
3.2090615965426
6.78654553741217
9.10639621689916
10.7998487092555
4.49270810000598
4.18060966394842
10.0976143702865
7.51748378016055
9.63113968260586
6.81540729850531
6.58585817739367
7.05323105864227
6.58187082968652
5.62220872193575
7.71497846208513
6.36111828684807
6.08407283760607
5.41372904367745
3.38403185456991
7.59524182230234
9.75435266271234
7.80405768193305
6.48905439861119
6.65994483977556
6.03389855846763
8.27418151125312
4.96129296161234
8.40495192632079
10.2407118547708
7.60033657029271
4.49713855795562
8.61344295740128
10.9193623121828
5.80660587362945
5.04937328957021
10.3921962883323
9.1088547501713
4.04085058160126
6.427105974406
6.03446574695408
8.16895251907408
4.14712247438729
5.88967796415091
5.59198880940676
9.75060956180096
3.82506471127272
5.06434316188097
9.46984426677227
6.71003349870443
6.32688547112048
6.60318424738944
5.54093070328236
6.60963055863976
7.43749340064824
7.30061686597764
10.9054433684796
9.61855173669755
3.05494584329426
5.20976692810655
8.50855932198465
3.14262331649661
10.6443079896271
4.33401148580015
8.44868923164904
8.99959161505103
8.42701011896133
4.6661176905036
10.17125155963
3.84333113394678
6.26480980031192
5.09243666566908
8.96587328054011
5.27788179554045
9.67102376371622
5.36406829953194
4.08817415498197
10.5362298041582
5.4967358969152
9.06968185305595
7.62797747179866
8.30412023328245
3.32130234502256
10.9084215499461
6.65536638535559
8.74064178206027
5.34888283349574
4.42656113021076
5.40322791039944
10.0942049678415
8.10148331709206
3.94992665201426
4.76290535181761
7.47773789800704
5.4806179665029
8.63539440371096
3.09622635878623
10.718084782362
5.34799209237099
7.14041324146092
4.03352564759552
8.93121829815209
4.83506409451365
5.38160207122564
7.64496336504817
8.57123678177595
7.61130825057626
10.2936902362853
6.60084553621709
4.5255717895925
7.53591591492295
5.79862102493644
4.01934410445392
5.05843916349113
7.47858855687082
5.40125797316432
3.25323690101504
10.5430264621973
5.17241307906806
9.65962488390505
10.516956968233
7.67166278325021
7.06892130710185
5.20356677286327
9.16422113031149
9.01984559372067
6.50110387988389
5.94405335001647
10.8077423051
8.40825797244906
10.5558512285352
6.02840371802449
6.18140614405274
9.82401435635984
5.30138940550387
7.16965674422681
8.25888867489994
7.81665505468845
6.45902608707547
4.88949825800955
9.55795892328024
7.49283751659095
9.34149051085114
5.97493190132082
8.66002687625587
10.0752290580422
10.0927097629756
4.94575874507427
4.6567131858319
10.3401182498783
4.86577651835978
7.46611808240414
4.56251477450132
10.255410566926
5.07628626748919
7.51725498586893
3.58898885920644
6.22494650632143
4.56334276869893
4.40427534654737
6.55356620252132
7.65243545547128
4.73527015559375
9.53548816777766
7.30177338793874
6.89354063384235
4.75854121334851
10.3692406751215
8.86470778658986
9.4389723110944
9.08398803696036
6.09834870696068
8.84064706787467
4.48621666617692
5.50951279141009
10.313929406926
6.64043501764536
4.66911767423153
6.38705907016993
5.40284934639931
10.2171378303319
6.30330326966941
8.38416512310505
4.54239663854241
4.03894024901092
5.61875740252435
4.25777248293161
7.45244574174285
8.57241836190224
10.6180593054742
9.12639117054641
7.93325290828943
9.37448120303452
3.77148465067148
10.0943930279464
3.67214225046337
9.92279912531376
8.48224985040724
4.324862184003
3.34240584075451
3.29213322885334
9.67104863747954
10.6138283666223
6.4025703035295
4.71404681354761
7.18753611668944
6.26059937663376
4.42347180657089
6.31061517819762
9.26799115724862
6.58800349384546
6.18915605917573
8.66644224710763
9.22610126622021
6.86000522598624
4.85893080942333
5.66580822318792
3.51939686387777
7.8634365554899
5.82617028430104
3.60503567568958
9.51515148021281
4.89436948113143
9.42227748595178
10.811901981011
3.25697683356702
7.7355103995651
10.8155670892447
4.25044441595674
10.1304630674422
7.17144590243697
10.0065809022635
10.3567246310413
9.08143452182412
9.54576511308551
6.69838881120086
5.88416810706258
8.03880199231207
8.73118236102164
5.44551021978259
10.248383698985
9.73824362456799
7.96401108987629
4.90826091356575
4.00457439757884
8.34439056739211
7.77730763144791
7.01570820249617
5.13314126618207
5.15354700759053
7.99223583377898
3.15646411292255
7.74590166658163
9.60050093755126
3.57811308652163
8.91538812033832
10.4050882291049
6.22556328587234
8.07517849467695
5.37961190007627
4.34280354902148
3.66324692778289
4.99347106926143
5.75599795021117
3.13325532898307
8.6761704813689
5.97734398208559
7.10852014645934
5.69426607526839
3.03498057462275
8.50815036147833
5.5977442227304
5.506801687181
5.19373243674636
8.41775666549802
3.49004316143692
3.58251745440066
8.78426111675799
3.9327107667923
3.79339636489749
5.92542334459722
4.38947584293783
5.51079851016402
8.80479763448238
8.1609674654901
6.00905540585518
6.80464037880301
9.57297807373106
3.95823962427676
9.17838884331286
7.53732231445611
9.35319931432605
10.7303748931736
8.29905376583338
4.43472931534052
5.03496036492288
8.27941235527396
10.4303732141852
5.80495985038579
10.5419892519712
8.09491963498294
9.2405863981694
9.87714854069054
8.04440601170063
3.88567156344652
5.43641712516546
9.97790372930467
8.96811192296445
4.4615075699985
4.97587104327977
4.28861881606281
7.63774443604052
9.35206397436559
6.37084965035319
7.41471067816019
8.57801624201238
8.6555747333914
8.33314751274884
10.5431367661804
7.01951479166746
10.2954483795911
9.18586507812142
7.55365139618516
7.43783862888813
10.8576877620071
7.84156234748662
10.5033204946667
8.27703344635665
3.64767390862107
9.44338542595506
10.1795912515372
4.89884000271559
4.51778197847307
4.73358360119164
10.0512639917433
5.63684346154332
4.85576439276338
4.5326111074537
5.04108267277479
9.11822330206633
10.2021249234676
7.40085087157786
8.73050520010293
10.082022132352
10.033872410655
8.23235665261745
7.32423885539174
4.55730025470257
7.31734719127417
8.26823502965271
4.08848812989891
5.88640240952373
5.31551308371127
4.54369032382965
8.44304399564862
10.926735104993
7.86751810833812
6.20052282698452
5.08734428696334
10.0925212409347
9.85698596574366
4.59927004575729
8.75940425135195
9.99911990761757
6.20285052061081
8.28155348449945
5.08969420567155
5.45543060638011
3.30481213890016
9.43521405756474
5.12095366232097
9.59097505360842
6.97970921732485
6.91119015589356
10.2200995534658
4.00835488177836
7.82181630656123
8.03777544386685
9.68428403139114
10.3296727091074
8.36082340404391
7.04516492597759
5.41567124612629
3.99586288072169
5.72883181646466
5.39334757439792
3.07274085283279
4.46513532474637
3.06481872312725
7.17098518460989
10.5873101726174
8.51076306775212
6.69954539835453
7.24235395528376
9.22750844061375
6.32373727485538
3.00628287531435
7.28910643607378
4.85841503553092
6.5508472211659
10.421088591218
8.065354982391
6.69834950193763
10.248828202486
4.29842953197658
4.50661409273744
5.81321099214256
3.7993135470897
10.3747182227671
4.54982124641538
7.93049748986959
6.26694429293275
4.26661042869091
6.90059465169907
5.91263716481626
6.77851931378245
3.8808873668313
3.58109670877457
4.0126146953553
4.26539323478937
7.87552427500486
9.99348432198167
5.06114459782839
7.5592561494559
3.60487897880375
3.14792934805155
7.14933747053146
6.66054519638419
9.01569122821093
4.6918218228966
3.05255404300988
8.56763115152717
4.7110425978899
7.6474588457495
5.73338723555207
5.89149713888764
4.22802606597543
3.34496507234871
6.83500470407307
9.30156350322068
3.22340072877705
7.29026431590319
7.5981172863394
9.67174312472343
8.81903155893087
6.26641112007201
6.68216587230563
8.20354021154344
3.82816341519356
7.22708056867123
3.42676217481494
6.82694499753416
9.29119808413088
5.28570681065321
9.17220908589661
10.0011125914752
9.5479389205575
4.48081875964999
10.7567326296121
10.0101991258562
8.91479496471584
5.42616375908256
8.85710124485195
5.29102762788534
10.8453549146652
9.02978429198265
5.57196988724172
4.31995889544487
6.47544830478728
10.6756855510175
6.76823724620044
8.51042060181499
5.03924857452512
8.67924669571221
3.53935896977782
7.22644486092031
7.06569211930037
3.85340859182179
6.69191398471594
10.8301520459354
7.18834443949163
6.88095466047525
6.00422246009111
8.2081848308444
8.54301767796278
9.22652616165578
5.02722143009305
9.04175979085267
3.07600845955312
10.6932219360024
8.7607829477638
6.39020678773522
7.73463364131749
5.34876342117786
4.97603451274335
6.2752451710403
7.3435750156641
3.68912019766867
5.66745341569185
7.76932678930461
5.93464282341301
6.70418236963451
7.84498880617321
10.6737728752196
3.25862480700016
9.03501310572028
3.05438816733658
5.81837769784033
4.46585462801158
5.7574387807399
6.69153891690075
4.47311385907233
10.2430449146777
8.17325720563531
9.32479875907302
5.57079107314348
7.62469031848013
5.91508916020393
7.79550810903311
9.37586827948689
3.80319217033684
4.34449449554086
3.38457066938281
5.67243745923042
6.16499052755535
3.9323121830821
5.29863694496453
3.04967633448541
8.47518521174788
8.14408423937857
10.4976333118975
10.6705398391932
10.3773137778044
10.3070040680468
7.23410093970597
6.54658728465438
4.37600887939334
5.91800025105476
8.98024969920516
8.50241906382143
9.28193031996489
6.31017850898206
10.8003770112991
7.27848253212869
6.47616302780807
10.2932875994593
5.51245232857764
7.31496948190033
5.35798932425678
5.68661252968013
3.1451343651861
8.97256940975785
4.18643973767757
5.32974177598953
4.659045252949
6.26156159117818
5.58711956255138
7.96470398642123
7.47170004621148
5.71645750664175
5.58108949661255
3.74131583981216
3.5040076803416
9.05727481842041
3.92169237695634
10.2837054394186
10.0754862148315
8.00042452290654
8.90975362248719
7.90593633055687
9.5520500279963
8.47587675787508
6.73420478962362
7.32509156316519
6.75660566054285
10.0886130295694
10.1399118416011
8.37189311161637
8.13511219993234
10.5849207565188
3.58588744699955
6.54330094531178
7.57488405704498
4.87311387807131
7.92455140128732
7.06052382290363
9.64251012168825
8.30463326349854
3.90935070812702
3.1413016654551
9.06405491940677
3.43354701809585
4.67058276198804
4.02385656908154
7.48954931460321
4.11099614575505
6.08903741277754
7.62502653151751
6.40319685265422
8.77673942223191
10.5196448192
4.472925581038
8.62864412739873
5.35100539587438
6.17928119003773
8.87112846970558
9.26504518650472
8.13416044414043
8.03673399798572
5.04703175835311
3.32563860341907
4.15002945065498
9.27275270037353
7.18969539180398
8.46105762198567
8.65127666667104
6.67535332404077
3.89546921849251
8.30899183638394
4.57094964012504
5.19350528530777
9.0611180588603
4.37296291254461
3.54240314662457
7.42152047902346
8.18832967244089
6.7135065458715
5.48933143541217
8.55106264911592
4.07508220523596
9.39669654518366
3.86229484342039
4.03318306617439
6.8754464443773
6.27587216347456
4.08742639049888
8.04517464712262
4.91494575701654
10.226049054414
10.3595466967672
3.87968361377716
10.2920517735183
4.71023576892912
9.99623950384557
9.09185549244285
6.21259805001318
9.97059793770313
8.59068381041288
8.131162898615
3.22690622135997
6.14097932912409
6.02518893033266
8.56141572631896
8.06310269795358
3.50802257098258
8.85868644341826
7.42839170433581
8.23339109122753
8.27166199497879
9.77277468517423
9.85642431117594
7.73745329864323
5.68494748882949
3.30203900486231
3.37168450839818
7.1532863676548
5.95162285119295
9.05922826379538
8.82489240728319
5.07855592481792
10.5632223263383
10.2751098256558
7.97237894497812
6.88446027971804
6.04010408744216
7.24433510191739
4.11969142407179
9.94401056133211
7.9707525074482
6.08402485400438
5.29483900591731
10.1179159507155
8.69517518021166
8.4683133084327
9.00887429155409
3.77551905438304
3.42984379827976
10.8320256024599
4.59333075582981
9.62177913077176
6.86891753785312
10.7009414155036
9.03749543242157
9.59094182960689
4.60324605554342
9.98975355364382
5.68630762025714
4.85370633564889
6.98800245113671
4.45169659145176
6.60356198810041
3.99874280393124
4.9835192784667
10.9377850331366
10.4228983726352
6.54852320812643
8.63734796643257
3.098259229213
8.6177811101079
10.4315698612481
8.61248566024005
5.65899468958378
8.3894580155611
10.4253088030964
3.55670025758445
10.7075822409242
9.15569837205112
8.20892851985991
10.2811962421983
6.7239239346236
6.97396875545382
8.1788416467607
4.78379367850721
3.55527142435312
3.47223511524498
8.98785388469696
10.3492798116058
5.2433900218457
6.37895297072828
7.97873781807721
3.54917611181736
9.65421436913311
6.37722390890121
4.02990074083209
10.1830599159002
3.50160199031234
4.43188556842506
10.7009082734585
10.0520440004766
10.2942307777703
9.30382269434631
8.419243728742
8.18921185657382
10.4222009796649
8.35523140989244
5.35847119055688
6.31523992866278
8.61474424600601
8.17812345549464
6.45376663655043
8.46195109561086
5.09045950695872
8.33011073805392
4.66303623467684
8.74886328540742
3.5578802600503
8.97095657885075
9.26885491609573
8.27487649023533
6.28536471351981
10.8709012717009
6.85191995836794
8.31163964979351
6.39707102812827
5.46579509600997
3.2403584420681
6.19677192717791
10.7500648666173
6.12501890584826
9.62685144133866
9.23077581264079
5.89937080256641
4.33786490373313
8.31907021254301
8.54802579991519
3.79610000923276
7.78264999948442
5.12143051438034
8.22250990755856
10.2504494227469
6.73808884620667
8.5410459022969
7.02285427413881
10.8981657624245
7.41420054063201
3.63092502020299
10.6498278006911
8.7152806352824
3.03726579993963
4.95873703248799
9.85229907743633
6.31384873017669
4.86815358325839
8.42018644139171
9.23799398727715
9.18835491873324
6.80477198585868
8.54249610938132
10.8287174031138
3.71041393093765
10.1899808198214
5.98612435720861
4.5234058201313
10.5939392652363
8.82281935028732
4.00376216508448
4.17299330420792
9.85003652051091
6.56459113769233
6.50212542898953
3.87308489717543
8.4699336849153
9.04451518878341
7.54884437285364
10.9376384243369
3.61503074131906
6.23320483230054
7.85288255661726
5.6674966160208
9.23647069744766
9.47569638118148
3.78628934547305
7.84135389328003
10.6727616414428
10.0333330500871
7.49357024021447
10.5709394793957
6.78270104154944
7.46617957949638
8.37967456690967
6.08625756762922
3.55413508601487
6.67811740748584
7.17932043038309
8.99415467493236
6.92724519409239
8.71191077679396
6.48236455209553
8.47890145145357
3.60224605724216
8.44255951046944
8.46239271014929
4.43181251361966
10.4279720056802
9.48295752704144
10.5517217162997
6.22692016884685
8.27185250632465
3.79426635801792
3.89187587611377
9.18386587314308
6.43763855658472
3.42542310059071
6.21759226731956
3.36745234020054
9.65893496759236
10.6946303993464
3.79530242085457
9.94123841077089
7.97019474767148
6.54040344245732
4.27387773059309
10.5170354321599
8.47865510545671
5.38354476541281
3.39448375441134
3.80023558065295
8.6915900092572
3.39838147163391
7.92766352370381
7.67459933459759
4.73159026354551
5.29777554981411
4.79027159139514
7.5811677146703
10.6927912868559
3.8787948936224
10.4998348020017
3.89920564740896
5.66847988218069
10.5411927681416
6.56610477343202
10.3353596590459
10.7496351506561
6.24603204801679
5.76476399227977
6.39235067181289
10.6439692173153
4.30029272660613
10.4701657723635
9.42330838181078
4.07340859994292
8.77228006161749
10.0715459827334
4.53545631095767
9.89897309802473
7.88724298588932
5.8669550511986
4.40944130904973
8.27919449098408
10.5782616566867
4.60331990756094
3.27213421277702
3.34607466123998
6.77849918417633
5.2104137968272
9.65013526007533
9.72009960561991
9.84677236154675
7.99298802390695
5.86993419937789
10.0094050075859
9.78637116402388
6.11832484044135
4.42694322392344
3.12281939759851
8.7208451256156
9.53081567026675
6.23295559920371
7.63248650170863
9.6327288672328
9.61392459832132
10.4074047859758
9.47679643519223
4.51131443865597
10.8766483478248
6.91304922103882
6.43137199431658
10.4553424585611
9.49756897985935
7.82078071124852
10.1131727490574
8.93307080306113
10.6968658994883
7.38645534776151
6.22273343801498
9.57939980924129
5.24011445231736
9.10098764300346
6.31170104816556
10.5506085678935
5.64712136611342
9.15686274692416
4.51055059954524
7.9596978649497
8.82066953554749
4.0376856867224
10.8841057959944
10.0998832974583
9.32433934137225
10.0214973930269
8.91737199947238
6.8687771614641
5.27922381088138
7.14536516927183
3.4426133222878
8.20878339000046
9.34947045706213
8.83250696025789
4.07215957716107
8.62200163677335
8.68727081269026
3.65989515930414
4.5703833643347
10.8950227536261
8.86595318466425
7.05721623823047
3.72060077637434
4.00584659539163
7.77733809128404
8.03084629960358
9.55524171702564
10.8468552995473
8.7702072635293
6.17959124781191
7.24282913282514
7.87840841524303
8.69694234803319
10.971103142947
5.11332629993558
10.5921084061265
4.29755064845085
9.68378682620823
8.62396083399653
7.48107470944524
3.53902311436832
5.18768166005611
10.5546722393483
10.9178362935781
4.42449655942619
3.10567173361778
10.7601327784359
7.12645084969699
10.1153974290937
4.08579942584038
9.09216243587434
5.547298502177
10.8599543422461
8.28112696669996
9.2774202041328
8.95316927693784
4.43460183218122
10.9014253281057
10.8271190784872
8.84378537908196
10.6349751017988
4.66096465662122
9.68435143120587
7.686672963202
4.74026462808251
5.14663388393819
5.74002271145582
7.58896578848362
10.1855707913637
9.24938899092376
6.58156236819923
8.39043941907585
9.55618098378181
10.4568968899548
10.2290389351547
8.4625282343477
4.80084091238678
4.89788523875177
4.16029041446745
9.34203329309821
4.16227851063013
10.5737378466874
8.74987836182117
3.73392018675804
5.23095245845616
4.32464492507279
10.2071546092629
6.27903820388019
4.85753445327282
3.85666317678988
4.69275700300932
3.44978031143546
10.2686621639878
10.0427434388548
4.66441573388875
3.92859594710171
7.32159086316824
5.74691849388182
6.89006246253848
8.03242439776659
6.91184625774622
6.00743972323835
8.13894245587289
4.20323971100152
6.08181726373732
6.04493137262762
3.57156410254538
3.26097414456308
4.83812519535422
6.20701970346272
6.26645852439106
10.0307136327028
9.68773468770087
3.27332846820354
10.9568919166923
7.13721942156553
7.01106104068458
7.52573405019939
8.24692586809397
8.08548171445727
9.21682085096836
5.14137263596058
7.90744091570377
9.72362418659031
8.71395076811314
5.16333343461156
9.50491504184902
7.72362254746258
5.65651126392186
7.62457847222686
8.02981047146022
10.1588573642075
4.13266048021615
6.87657437101007
9.2876233626157
5.39191531948745
10.1798229403794
6.13423052802682
3.76001939363778
3.793437583372
5.91097838617861
7.23895754665136
8.39430528320372
9.37515451945364
3.84655280038714
10.192704860121
3.21258452348411
10.7434157803655
9.47226142697036
6.49763221293688
3.37116130255163
9.37871073372662
5.53954712115228
8.44698951952159
6.49725897610188
3.47365668974817
8.62553120590746
5.36481898091733
7.95237665809691
7.93467779271305
6.52875243127346
5.04292400367558
7.447958746925
7.56683340482414
7.62115947715938
6.29575790837407
8.90353296324611
8.67561794817448
4.38166972622275
4.48905094712973
8.07609048113227
4.33879158087075
7.31992643140256
4.66222730092704
10.4554827027023
8.59738123230636
4.24759302474558
10.3465653788298
10.5143710952252
10.7186875324696
4.76923768781126
9.28311757743359
4.20921724662185
10.9161870740354
8.73723213560879
10.6927739772946
3.96895446255803
4.90097500942647
10.1383021157235
6.83448171615601
10.5892288889736
4.45866936445236
9.59889217093587
10.0893218591809
10.096266573295
9.38175461255014
10.738585839048
10.2685557957739
7.90456009469926
8.64393864013255
8.33867811970413
9.88852319121361
6.12136081047356
6.35934487171471
5.23631671443582
4.96293231658638
4.49033214710653
5.03637351468205
6.90448788739741
5.96965873800218
7.89792690426111
3.41839671321213
9.05274527147412
7.84909747540951
4.1548482850194
9.42127637378871
3.53116994723678
3.204490352422
6.18915624730289
8.09360890835524
8.98611238226295
8.01731747947633
9.48576541244984
5.8162455689162
9.37948810495436
7.11724980175495
8.9799494035542
6.77304263599217
10.8668666090816
5.02685165777802
6.43323005177081
8.04544872418046
7.40185558237135
10.0113172233105
10.7828504294157
8.04571081884205
5.7092803362757
10.9363861903548
6.2657691705972
7.74566691927612
4.56038042716682
7.99031954817474
7.98082339018583
9.67818132601678
6.65172266960144
8.92493381723762
10.7638473585248
10.2538945972919
7.56865062192082
5.51076763123274
3.56318656168878
4.46467009373009
8.81774323247373
6.33770626783371
9.44531104899943
9.78284602239728
4.83727780357003
8.05434537865222
6.07877553068101
7.31643481552601
6.64188332296908
6.80906325392425
10.0919132344425
3.8022650834173
10.1316121742129
9.65701822377741
9.81530745327473
3.59414872713387
3.67820855788887
5.26047302782536
8.89128189720213
4.3160342425108
5.0938213840127
9.89352756552398
5.36652131192386
9.09663808532059
9.81698346324265
9.69168847240508
8.87135826796293
6.93811815790832
4.88458608090878
7.84258419461548
3.53505694679916
7.04974715411663
9.57530881464481
5.4885323010385
5.59483635239303
8.07639223337173
6.66037299484015
5.88953150250018
3.90825609490275
9.56146891415119
6.13117614202201
3.76920358464122
8.55229170247912
6.06517579592764
3.39666002430022
5.85209658555686
8.55139352567494
3.53857933729887
10.0120650604367
4.17253198474646
9.34739320352674
4.85437779687345
3.61106768809259
4.52810378745198
8.92177128978074
3.56274526380002
4.31573987752199
7.62348303943872
10.014768673107
10.0319375246763
5.69033545441926
8.52735855057836
6.48729561641812
6.14123138226569
3.59165750257671
9.4257335215807
8.99974497407675
3.25254158303142
10.3557789362967
3.15409817360342
8.73743723891675
9.67014851607382
10.3292752858251
8.97516160830855
5.55099930614233
6.09108140878379
7.4319587238133
10.7451700009406
3.54451421461999
3.33985619805753
4.04295011982322
5.87316392734647
9.94395367242396
6.91780979558825
10.359542561695
5.46401128731668
5.79478243365884
4.31393361277878
10.9526611026376
3.70760520733893
6.82002123259008
4.48964114300907
9.5879911519587
10.5828271638602
4.40242295712233
4.93304038047791
5.81910104863346
5.75836052931845
6.27226345054805
5.7366994637996
3.81744980998337
3.34198353998363
6.43063805438578
4.13299902901053
7.07540640421212
4.59789398126304
7.41062900610268
3.13727498054504
7.02659452334046
6.25431819818914
5.73340361751616
9.59030768834054
8.7362248878926
3.88490533642471
4.09344452992082
4.13596147857606
6.93647417798638
5.68635039590299
10.37222318165
9.15213545225561
6.68375846557319
9.58783906884491
6.76474501937628
10.1490937955678
5.45281021855772
10.186512388289
5.05629049614072
6.47460628114641
6.30344811081886
8.8649055082351
5.18438542634249
5.61921191960573
3.64697747118771
8.56497582420707
9.41109090670943
9.90285577997565
9.75055063888431
7.5427168328315
10.7078888192773
5.68645701184869
10.7899667955935
4.50953484140337
8.31091050431132
9.89112256653607
5.68493761122227
8.29505607299507
9.6062874533236
3.10862778685987
5.01103151403368
10.7619833797216
10.4506221413612
7.56111963279545
9.04951759986579
6.41180662438273
6.78206440992653
8.81596883572638
4.16472642868757
4.84840982034802
5.90275600552559
5.87851029448211
10.6296052057296
5.83491533994675
10.0268474314362
5.06252122111619
3.90431771241128
4.35523979924619
5.85537255555391
5.66175243072212
4.6836011428386
5.35521677322686
7.6305485945195
4.58434232696891
6.33578662388027
6.70216324366629
3.47381275333464
7.33056411147118
6.76672520488501
4.37450700998306
9.17408419214189
6.50024306029081
10.5756275188178
7.05243297852576
10.2094780243933
3.1496703941375
8.8963338509202
4.55757192708552
5.90263378433883
3.95949071832001
8.74291701428592
8.48810770735145
4.83834883198142
5.70378644578159
3.82245801202953
6.36453056894243
7.4225945789367
10.4213639833033
3.829774716869
3.39383071288466
7.93607503734529
5.09670623019338
7.73664246313274
6.62382722459733
6.42911995947361
10.8128597997129
8.40799799747765
10.5492085777223
7.62179969996214
10.0357027463615
3.07004023902118
4.81844416260719
9.43752314522862
10.6717369630933
8.37154111079872
9.91255101934075
4.52365514822304
7.7313985619694
8.08798000961542
5.41573333740234
6.09701444767416
9.23774961568415
3.72594636119902
4.96820072084665
10.0811648927629
8.54560738615692
10.282159904018
8.17035445384681
4.21384287811816
10.4840808697045
5.4488379266113
7.13486287370324
8.45205190964043
7.12644054554403
5.17949205078185
5.13481795042753
6.8072607088834
7.22075302153826
4.23514494113624
9.1068523786962
6.99204634875059
3.94494607299566
3.63250958360732
7.16769621893764
5.74984065443277
5.05855450592935
8.3285875171423
4.84615002013743
3.74078493192792
10.0958018284291
6.26850605383515
10.4680471140891
4.98439728096128
7.59487538598478
4.63329023495317
7.2904496062547
6.14749864675105
6.82870074547827
8.52449792996049
3.05250259675086
10.7368378881365
3.65895852446556
4.02317497320473
8.05267459899187
3.59629256650805
7.63967338763177
4.92631304822862
3.69848818704486
7.44270663522184
5.0690580457449
3.80413332767785
6.5727417524904
8.37513936124742
9.38554012589157
3.94195327907801
10.3484713956714
9.99938740767539
8.42832959257066
4.26894503831863
5.66443229466677
7.31066356040537
6.89833882264793
5.86345849744976
6.59357531182468
6.80642088316381
4.75489195808768
3.2876887395978
3.33676841296256
3.82090185023844
8.54768931865692
3.21622401848435
6.81149971485138
5.86535811051726
7.2144416924566
7.16673872433603
9.28782772272825
9.16012241318822
10.6014455948025
6.44525523483753
3.46721958182752
5.39851978980005
8.99086269550025
4.27201634645462
7.59814618714154
8.9579108543694
7.87551563605666
5.06398777849972
8.56171473115683
6.45570044592023
6.63799345679581
10.0956134889275
3.99331317842007
6.31939579732716
10.9407870396972
5.34781200252473
8.84148575924337
3.17114821262658
5.92149342782795
9.80007890053093
7.83090328425169
10.3567388486117
4.69150495715439
4.32655113190413
4.94596742279828
6.58573145791888
3.02207147143781
5.02317812480032
6.92412420734763
9.87808308191597
8.19833502545953
10.9176021292806
4.38120339438319
3.36444297246635
7.69135888107121
7.37446120753884
3.79113871976733
5.76490187644958
3.47938071377575
7.47169387340546
5.29382159933448
4.14619607105851
10.815035443753
4.76886323653162
4.92508411221206
4.96305049397051
5.35280148871243
4.54303525015712
7.61470921710134
7.10030214488506
3.08695864863694
7.93444174900651
5.48114724084735
8.17189767211676
8.77869110740721
3.8387682326138
10.5909910518676
10.1185984686017
3.53515297733247
7.66122438758612
5.60181924141943
6.23006305657327
5.12945575639606
10.2572659906
9.37624026834965
10.2142011616379
3.53459296375513
4.75480136275291
7.28914621286094
4.26289677806199
9.07738257199526
8.46902726963162
4.93966996483505
5.41739176027477
10.895695194602
3.69928719475865
3.64681974053383
8.227145627141
10.4088207166642
5.64816163107753
3.70149841532111
3.75248088128865
7.49325755052269
10.5680474750698
5.01632340252399
9.73669474385679
4.46774710901082
5.70577356778085
9.27458385936916
4.0047759115696
4.6575585808605
4.13662696443498
3.54192127473652
10.7401812486351
9.89592570066452
9.58595220185816
8.61429345421493
9.12736175395548
6.94175015948713
8.13437532261014
8.08205176703632
4.74445925652981
5.27848698943853
9.81178593821824
9.4545601606369
6.67577147856355
8.21925278380513
9.60057510994375
10.2231533061713
6.40244790911674
8.55143719166517
6.99303899332881
10.5478012170643
4.06593247689307
8.0943042691797
9.76155305281281
4.5984169524163
9.34204269759357
3.74909470230341
3.87648981437087
3.76940692029893
6.50217154622078
7.68144410662353
6.62991585582495
3.64115373604
10.3426071908325
5.87257523834705
8.04351199232042
9.9524873457849
5.54829560592771
8.26524376124144
7.52225267700851
7.07305933907628
5.79504484310746
9.29011222161353
9.63716704025865
5.77033730596304
7.85119970887899
8.93933274783194
6.92540401406586
5.38017522357404
8.82588481716812
6.1900377124548
8.43692432530224
3.04783541709185
4.84337352775037
6.27970898896456
8.09502665325999
6.72941529750824
4.86833565123379
3.0996589306742
8.03357020020485
9.32844023965299
8.98280913941562
7.86640996858478
10.8170149568468
10.8555738516152
6.19202804937959
4.37287278100848
6.65298089943826
5.49108893796802
8.74774379469454
3.25185636244714
4.65972064621747
10.9248214513063
4.39977633953094
4.33304620720446
9.12574166059494
9.98459601216018
6.13476982153952
7.93159031495452
5.79691563919187
9.3551632463932
8.54952537082136
5.52926460839808
6.36389937065542
6.24334584735334
5.48424779623747
3.9906186144799
6.97428208403289
6.85646459273994
9.59532327950001
8.52450353652239
5.73051097430289
4.8935407474637
7.39108833298087
5.04063575714827
4.28599677234888
10.2085833530873
7.59559083729982
4.37872708775103
8.09946859814227
7.67145564034581
6.64110523462296
6.59096737578511
7.72325221449137
8.92013424821198
9.10982134193182
3.29810196533799
7.88376194983721
8.34769965149462
6.10204702988267
6.28289313986897
6.20183402486145
4.83624462410808
5.68466590717435
9.62166626937687
7.93024537712336
4.02397221885622
5.23332778178155
4.08135535754263
5.44573064148426
6.171640554443
3.91998818330467
10.9564643204212
7.42195440642536
7.54131240397692
3.56549675762653
9.37789536453784
3.63874832727015
3.85730975493789
7.79339360818267
6.84175467677414
4.00207922421396
3.15801199898124
8.2269117757678
10.6850140485913
5.88807923719287
5.99311909452081
3.46939334087074
5.30263967067003
7.3217284437269
8.20001009479165
7.61981052905321
9.50073734484613
6.84920617751777
6.8005198687315
9.21002272889018
10.3149015232921
5.39442832395434
8.91768656298518
6.75251357257366
9.99317140877247
9.1424711663276
4.09312896989286
5.1928447317332
8.03500131331384
7.85603320784867
8.99386016838253
4.41182397119701
3.12161272391677
5.72619004175067
4.42033337987959
10.4625021442771
5.52614696510136
8.1401540953666
7.67505401559174
6.93771028518677
7.30073512159288
3.54197420366108
3.71444862708449
9.75692844204605
3.27449945360422
6.30365216732025
5.91205585375428
9.95135633088648
4.54989372380078
10.6387379672378
10.5720967818052
5.27566872537136
3.32386314310133
9.27360049448907
6.84092777408659
7.65157387405634
8.17067307047546
6.27847976610065
10.5125409215689
10.5796571206301
6.12997144460678
7.38910224661231
4.75017660669982
7.73411093652248
9.08368393778801
3.14683915302157
8.70048803277314
4.08568843826652
5.72193673625588
3.53440195694566
4.51652497053146
7.1322583053261
3.88597673550248
3.93673230707645
9.43057814240456
10.0366188883781
9.74689149670303
6.25759765505791
5.95264601893723
9.62168294750154
10.6930416431278
3.57157792896032
3.92969375476241
8.27203493565321
10.6260584201664
6.98148953169584
3.18511097691953
4.08789694495499
9.56300000101328
3.31637043878436
7.57337230071425
10.9154165014625
8.09353307262063
10.383711444214
9.94731980189681
8.11500752344728
4.76294651441276
3.74837537296116
5.99031653627753
9.91166763938963
9.21768996492028
7.2573702596128
5.2970104534179
8.52881298027933
9.09474564343691
5.69871839694679
9.87110300548375
10.7400698270649
3.09374916180968
9.77106089144945
3.55236617289484
6.96635611355305
10.8965571708977
9.1620439812541
3.45989023335278
8.54707059636712
7.04730499722064
8.86171469092369
10.7277083657682
4.93271879479289
8.82733786292374
10.6577645130455
10.7719903308898
8.19350771233439
3.52939635701478
10.1908757947385
7.54975843429565
4.67402100749314
9.67591550759971
10.3790526110679
3.54574492014945
7.38983057625592
10.2050717622042
10.3147445172071
3.53336896188557
7.861557289958
7.8797405641526
8.11384106986225
10.334276214242
8.83173338137567
9.63522649928927
7.51476253941655
4.68463085964322
5.04558049887419
3.18554908782244
10.0542733948678
6.88925701007247
8.70257960632443
5.80884019657969
9.29210823588073
3.07847756519914
8.41092047095299
4.10064493119717
8.75793396309018
9.83441689796746
5.14314540661871
3.54739182256162
5.50601161643863
10.3065748792142
10.3749038875103
10.2026852853596
3.29714905284345
6.7085239700973
5.41656658053398
10.3048977646977
7.98911819979548
7.53874759376049
9.6559986602515
6.41770204715431
7.72225492447615
3.07286169566214
6.72833085991442
3.80667676776648
4.9388518370688
9.53123959340155
9.04125403426588
3.83651600033045
7.66905927099288
4.67232034914196
7.08771884255111
4.15539424866438
9.87776941433549
3.71605551056564
6.08033244498074
4.92764305695891
7.20800242386758
10.5286695901304
9.8643876761198
5.04802674613893
4.46401083469391
3.97177910991013
10.402545016259
7.33906406164169
10.5878977011889
7.86413229070604
6.06723215803504
6.49121714383364
6.21384281478822
4.05069242976606
8.66700521484017
10.7070857807994
5.74861022643745
3.93272919207811
7.10795438103378
10.9473060164601
6.6959147490561
5.50668983906507
5.12023610621691
5.59784756600857
6.79872548952699
8.26647548377514
6.47787422686815
3.48880304582417
8.63103164918721
3.43250091560185
6.71394081786275
6.69344960525632
4.94306798279285
8.0955699775368
8.6130730509758
9.00731621682644
10.5831517502666
3.14608317427337
7.38152255117893
10.1618632115424
3.83981346525252
9.98253574408591
8.0604989323765
6.27505144663155
6.79630958102643
4.72206099517643
9.85456028580666
5.2251875847578
4.93580093234777
3.78465939871967
7.52396916225553
8.39513637684286
6.71519586257637
4.96664798632264
6.09240449033678
3.95424059033394
8.65970127470791
7.80392745882273
3.29870212636888
3.01366000622511
6.74799418076873
8.58831854723394
3.32991031743586
4.56112130917609
7.26286517456174
8.53686041198671
4.61013142578304
4.00405349209905
5.2536651995033
6.91805204749107
8.39201409369707
6.09357621707022
9.35212541557848
9.31104975193739
7.39607688598335
4.84980340488255
3.65169285424054
3.60205733589828
5.92188830859959
10.1018358189613
9.62171123735607
6.43266970291734
7.84399503655732
5.36901082471013
6.2829697355628
7.33414939790964
4.08819952979684
6.36481654830277
9.20583719573915
3.14525872468948
3.81338229030371
3.91253316029906
4.61169564165175
10.744330111891
5.49859182164073
4.58491449616849
6.97353407368064
6.08372553251684
5.05378324910998
9.1398197337985
5.305120928213
9.73811799287796
5.49059847183526
3.32283994555473
10.9093189593405
10.509620314464
3.22396659851074
6.28161386586726
9.87938774190843
10.1881860550493
3.88293928280473
4.65940946340561
6.44794948585331
5.73983123339713
8.91996642015874
9.06332710199058
4.42901276610792
6.96351797692478
7.37111447751522
7.1286017652601
3.40753884799778
7.42038531787694
4.58302222937346
9.41493494436145
8.24755962565541
6.12889679521322
6.23208510130644
8.21990367211401
4.94705684296787
10.6008063424379
7.19589811936021
7.61313106678426
7.68576756678522
6.84514956362545
9.68882193230093
9.31009897775948
4.33411446213722
4.62290296331048
8.45153730921447
10.2659563217312
3.38697711192071
8.8476840108633
4.81234432943165
10.119499662891
3.39763987623155
10.052504895255
8.90266400389373
3.15046572312713
3.80246639810503
6.66519548371434
10.6032759696245
10.4858104195446
6.94732360169291
6.82286667823792
10.128818878904
7.5678730700165
3.31770778261125
5.95069970004261
9.11111295036972
7.51578632555902
5.34356239438057
5.71601060591638
4.4079534355551
6.58901253156364
5.72492414712906
5.66387224197388
4.43989834561944
7.02808933891356
6.76784275658429
6.30095326714218
5.18197585456073
4.0327439904213
6.80695665441453
4.6558952126652
3.36651921272278
10.030234977603
5.47741498239338
7.06618711166084
9.5156113486737
9.74569651670754
9.95678913593292
8.24907551519573
7.12040798179805
4.94866653718054
7.26211569830775
9.05166135914624
10.5885317530483
6.47541557252407
5.6018117107451
4.05992690846324
10.8242649529129
8.3886861987412
5.27685378119349
5.70270301215351
10.3370613176376
7.21802867017686
7.77021649107337
8.89843046292663
3.33432210981846
3.79877515509725
9.37057635188103
9.32819378748536
4.32008198462427
6.29787665419281
8.95178737491369
3.13157058507204
4.25892367213964
6.75082980468869
9.68372425623238
7.45129430107772
3.19027801789343
6.53020294383168
4.87526358291507
9.63933529518545
5.84480166621506
5.83821351639926
5.80845329910517
10.2633117772639
8.29968949593604
8.39112446643412
10.9556471556425
5.30916709452868
5.31245754100382
6.4518942758441
7.90043884515762
5.84716342762113
4.96709932014346
7.16431703791022
3.98247418180108
10.7664280161262
9.18427746742964
3.99092815816402
4.0222245734185
9.78652020916343
5.01698817312717
4.51946733891964
10.0866718348116
6.07724028453231
4.49493866600096
6.18136089667678
8.44628924503922
5.71797613240778
6.27053301408887
6.38933345489204
9.96414723992348
6.88243854045868
4.59113352186978
3.41919009387493
6.85941099561751
6.17593687959015
6.28889616765082
3.3844496216625
9.96854350343347
8.95693994127214
3.68249537609518
10.5739267542958
6.23881400562823
10.8458091448992
3.91141702607274
5.4527946524322
3.66829297877848
10.0921298842877
8.43653111159801
9.29138706624508
3.99579968862236
10.5622676815838
10.6249016411602
9.4864704310894
5.93812069296837
4.19657604023814
8.57722141593695
5.60600039549172
5.79021557234228
6.38162813335657
5.41304839029908
9.27923125959933
10.5651175100356
7.06115379370749
8.37591926753521
5.31345293857157
5.74619656614959
9.69576459378004
6.32688644714653
9.28479440137744
7.05970420688391
4.27248999103904
8.51874616928399
7.76396716572344
9.8814134541899
7.7173259370029
5.87816802039742
5.72049343213439
5.94668884389102
10.7817948721349
3.70974889211357
7.50884337536991
9.46888321451843
4.39264665357769
9.50735355913639
10.0044508893043
8.53552269935608
4.62698814086616
4.54192329756916
9.64932490885258
9.64394999481738
8.2191197257489
8.09610215947032
10.5446116756648
5.36595435999334
10.7419154085219
9.0756998937577
8.51911861076951
6.42353121377528
4.96022568270564
3.24079926870763
3.0765380281955
4.74648014083505
4.22449157945812
3.91940616071224
8.04949010908604
7.55869911797345
8.98589476570487
9.9750647097826
10.1446337569505
3.59571693278849
8.77811229787767
8.36171714030206
5.08142155781388
7.98434820584953
8.44984723813832
10.5531531330198
7.22210332751274
10.8741213716567
8.71136034652591
5.79093724116683
5.28397264517844
4.84277675673366
3.21539072319865
8.86690261214972
6.77553090266883
3.61905738338828
9.53975316137075
3.88293232023716
4.51301164366305
6.16865800507367
8.40231444872916
10.5849161446095
6.904172712937
4.70031784102321
6.80487217381597
4.36091073602438
6.49885102361441
8.99336962029338
6.27061084285378
9.10223741829395
10.2053203824908
3.61932438798249
6.83523329347372
6.9313642103225
6.77847033552825
10.8454079795629
8.72257267683744
3.94883795455098
10.6301355883479
10.4226359315217
6.00067836046219
5.82485738396645
6.8213250990957
6.21957873366773
6.58784596808255
4.08853825367987
6.1103044860065
4.78554892726243
6.50496141798794
9.01609559170902
4.54768564365804
7.64711650460958
6.50743565149605
9.73003409989178
3.09343049116433
6.10634799487889
6.25403585284948
10.8027044776827
10.4680083543062
9.70175608806312
6.95929157733917
9.73807108961046
3.68684263527393
7.37226323224604
9.26834338530898
3.01752739399672
3.14635749533772
7.0902881398797
3.16035585105419
8.92124619521201
9.84993731975555
8.62135756388307
3.41138637252152
9.83037537150085
6.02404398657382
6.99948425404727
5.13827055692673
7.83674603514373
6.66973298788071
3.13579465262592
7.96742497757077
5.84710956923664
6.53193083591759
7.0662401560694
10.658569721505
9.24174056388438
3.03285010531545
3.57957247085869
5.56794057227671
4.31005772575736
6.63703223504126
8.26259513758123
5.22494257800281
4.92586926929653
5.48011817969382
6.15209104306996
9.48888466320932
10.0567800179124
10.9723692964762
9.89286073856056
9.04551325924695
7.55544357188046
4.52044076472521
10.773069806397
9.19807198271155
8.06336291320622
6.86753469146788
5.03912585228682
5.22175894677639
8.60079403035343
10.293947994709
5.22730823233724
10.5593742411584
3.39857670292258
7.2190117277205
3.38622331991792
4.90012689307332
5.94570356234908
6.8462798371911
6.98060960881412
7.24207601137459
6.77181449346244
6.61667407304049
8.68742681108415
6.95457677170634
4.17004989460111
8.82713757641613
5.46496331878006
5.29800157435238
3.59679351747036
10.8424279708415
8.19008479826152
4.36205594986677
5.30365818180144
10.3256679624319
7.09867493622005
9.61697383783758
4.48761927522719
7.76558370143175
9.98986350186169
10.8882125262171
3.96578561887145
5.96437301300466
7.97611830756068
8.50242562964559
7.13692364096642
4.74948097206652
10.1458731815219
5.58836384117603
3.03463793359697
3.52991418354213
4.44053257443011
8.64766801334918
3.89723953232169
5.74640213511884
3.73324800282717
9.80848130770028
8.58780663087964
4.7631043959409
8.83042501285672
3.16051908582449
5.0610382463783
8.85989524051547
5.73905109986663
9.64351680129766
7.43819902837276
6.60384467989206
4.99524566717446
9.98098251968622
9.43459197692573
9.9984587021172
7.30579872056842
5.27200659364462
7.33591519854963
4.55137555487454
6.13888825848699
9.35350305959582
5.46289038658142
8.63007045164704
4.45606929436326
9.04626573435962
4.88157728873193
3.04262543097138
9.47262519970536
6.04985180310905
4.33217619732022
7.05948292650282
7.71602221205831
6.56103938631713
9.41825914755464
8.63783686608076
7.72174417041242
10.2812714278698
3.01820969767869
10.9288443103433
6.4276500698179
8.01439079269767
6.78955492377281
4.2025759126991
3.40176998823881
9.62191369570792
3.2247909270227
7.28261980973184
9.70839627832174
8.6740999519825
9.92368484474719
3.710863025859
6.74765284359455
9.93670663423836
5.98078851215541
6.90549847856164
4.03805807419121
3.78233305364847
6.59941823966801
6.33248215541244
9.60603867657483
3.85511796921492
6.82884037308395
4.54330357536674
7.82576198503375
10.7667426038533
6.88972673378885
5.3115100171417
3.82278896123171
3.64407706819475
3.75757542997599
7.63999707251787
7.99183956906199
4.72555891238153
8.77681177854538
7.25626621767879
10.545104464516
8.13733599707484
3.18713840655982
7.0597326066345
9.71899193711579
5.81664301455021
10.466414667666
6.61817119829357
6.330660328269
8.21605545654893
8.99869399517775
8.23223195038736
5.41708672605455
3.03214009478688
6.52526952512562
10.6488994918764
6.90573753975332
4.19560674391687
9.17716233059764
8.58987767063081
5.28851754590869
8.85165794938803
10.7845681272447
3.83724545687437
3.4527093898505
3.21770713478327
5.35420301556587
8.26566459983587
7.12210832722485
3.325329978019
5.55970002710819
10.8908177278936
6.25020757876337
5.74784038029611
7.55998961441219
8.15312637202442
7.29064280726016
3.8945951089263
9.43604523129761
9.55517012998462
7.49061688780785
3.64962967671454
6.06705809570849
9.61277141235769
10.8539737034589
6.59675184451044
4.99910872988403
4.00472947582603
10.321643974632
5.03695823438466
8.55590893514454
7.83361844345927
8.59465612657368
9.91436389833689
10.2695859279484
5.89981353282928
3.63225813768804
10.8427969291806
6.70649394765496
4.62678122334182
6.72063444927335
9.24492431618273
6.44498858973384
5.33448081277311
3.53983426652849
5.43791741877794
4.54423122853041
3.00850469991565
6.74100328423083
3.61391806975007
8.9065090790391
10.4661010950804
5.40899423509836
7.77601244300604
10.231154339388
8.29399334266782
10.7582465615124
7.69678311049938
8.22634929977357
4.06639185361564
5.26415847428143
4.86116359010339
7.60771456174552
3.1777858119458
5.84684227406979
6.25046200491488
3.83874623663723
10.5164275523275
6.53616833686829
3.86199383810163
8.00859867408872
3.24052703753114
3.09060190245509
3.56333301030099
6.04591284506023
4.00343783013523
6.87794771045446
5.24111314676702
10.4216215610504
8.57098883762956
5.12901023030281
7.63201052881777
3.52340200543404
5.63492805324495
9.08745044097304
4.23629170842469
9.93443752638996
7.65258641168475
9.1845342181623
7.82132482901216
10.7534841969609
6.88762879185379
3.5642971470952
4.32866891473532
8.96016500331461
4.89666891470551
3.76867179572582
8.23860749229789
3.47026381082833
8.85465192981064
9.5250559784472
5.13456382229924
10.9833254218102
7.90647886320949
5.56760444492102
7.08692041970789
3.53656158782542
9.98070807754993
5.50627689436078
4.30299415811896
5.37796569801867
10.925198379904
10.3802131898701
6.39632495306432
5.97231596149504
4.59946925751865
10.1186655480415
10.1844445243478
3.91567860171199
4.27163111977279
3.5864221714437
10.5794913191348
4.47855996526778
3.37655744329095
4.00715727545321
5.16870275326073
4.54340030811727
3.89468761533499
3.83876192010939
5.03815761953592
4.03861837275326
5.07972101122141
5.70723328366876
7.75944294221699
3.69635545648634
9.62705920822918
9.29299257695675
8.05607800744474
7.71820598840714
7.15549171902239
8.22293933108449
7.11717260442674
10.3091202415526
6.33128664270043
5.19440454803407
10.3979204110801
9.03127231821418
4.46630724705756
4.48439073935151
4.92989616468549
3.3467138055712
8.68384230881929
10.4456882551312
8.79796419292688
5.26884748972952
3.41624734736979
7.72187280282378
5.1870810110122
5.58044201508164
9.75489375181496
10.3495227415115
10.9487372003496
8.81606901437044
8.32932518422604
3.58893328346312
9.60154300183058
6.66440852731466
3.99224773235619
8.69320780225098
8.53661795705557
10.3252342678607
9.82801982574165
5.68915995210409
7.86372183635831
9.40964292921126
6.00989926606417
8.31827414780855
6.759442076087
7.96324251964688
4.18758323974907
5.70290735177696
7.53465271741152
8.13004139252007
7.56698306836188
3.92539169639349
5.25249678269029
4.48831812851131
6.31015396490693
10.1322036553174
9.31401400640607
8.01453501358628
4.7713355794549
5.02060199156404
9.70830723270774
10.4180715288967
4.66011370532215
9.73999399878085
3.61477497592568
8.31930301710963
9.74165163747966
6.14294805005193
4.53980714455247
4.86060918495059
8.50220893509686
6.64392703585327
6.4390066601336
8.39453822746873
7.90032879076898
5.28368389420211
7.7054759003222
3.62549499608576
10.9255511630327
5.90236262604594
3.45579992234707
8.04975699447095
9.23252901248634
5.57086021080613
6.57785072550178
8.44235460646451
4.63947371207178
10.268078032881
6.90568289719522
6.78239124640822
3.654132489115
5.23176116496325
6.83435891754925
8.35708869062364
9.55052911490202
5.40955488197505
9.76543335430324
7.00526033528149
10.5942205302417
10.2206340637058
8.79396748542786
7.38204315491021
6.67375259287655
6.09730190224946
3.7580286655575
6.26308981701732
3.37088609486818
9.04123942740262
5.2278062235564
3.77070099674165
6.29363941401243
5.51090889051557
4.89692988060415
9.29836711473763
7.75684122741222
3.91583011299372
6.5536336582154
5.4969685729593
9.6090299077332
4.59599987603724
3.43932641297579
6.63552660867572
10.8454262949526
10.7595310211182
10.388846790418
8.34711512923241
8.1065518707037
6.84862191602588
6.44804690591991
8.24923100322485
10.0207034479827
8.51385380886495
6.46289689093828
9.90093382075429
9.57129696942866
4.90834068134427
3.18978522717953
9.77035018615425
4.11482976749539
3.7065989151597
7.93642939254642
9.47090517729521
6.82389988005161
6.13541705906391
5.56200860440731
7.46971388347447
6.47176477126777
5.29254017211497
3.68188694305718
3.62044011242688
10.914234450087
4.19559293054044
5.653679093346
10.6042478121817
5.09256096370518
5.83403404057026
6.50298615731299
9.32045451365411
9.90730656310916
7.69587651453912
4.08687586523592
9.82474393211305
8.30726012773812
9.97845979034901
7.27107809484005
5.01694732904434
6.70479596219957
9.47727130353451
9.10727396048605
6.07110901176929
6.6080284267664
10.5121362637728
5.98251039348543
3.0714123044163
10.8602870218456
5.53513506799936
10.6563457474113
9.21436315588653
5.41389631852508
7.52510126493871
6.12767282128334
7.19019392319024
9.54379725269973
10.9819021839648
9.48299859277904
3.7127999085933
10.8015196062624
9.64219366572797
4.32088244706392
6.32970639131963
9.49183069728315
3.36731822602451
8.50370696187019
7.52704935148358
8.66748220659792
9.342633549124
6.65374006330967
9.9869588073343
6.03780774958432
10.88133848086
9.33593154326081
5.10172522999346
10.25673240982
8.26709955185652
7.76640916056931
3.0376741848886
7.03681154549122
6.05570700019598
6.03832598775625
10.8017933163792
3.97286368347704
6.05989062413573
6.80172170326114
6.59800484403968
5.84085655212402
7.29161079600453
9.1278854701668
10.403739137575
7.48891011439264
8.70599003694952
3.17625617049634
9.0318131800741
9.1392434053123
9.41926434449852
3.03801763243973
7.11846698634326
3.89448973350227
10.1313053723425
6.5297335088253
3.28433158248663
6.7932008150965
5.65156018920243
7.19164386019111
6.77119865827262
8.6494337618351
10.4947594217956
3.9776875115931
5.04005165211856
9.39630752429366
7.00544300302863
5.32851707190275
5.29697053879499
9.59719819575548
8.69758653454483
7.64296426065266
5.73448969237506
8.39771673828363
5.28785711526871
9.86019393056631
3.45125340111554
5.63863374106586
5.873734600842
10.7700186185539
3.07926076091826
4.34011883474886
6.98023618943989
4.62542220763862
6.65088193304837
8.75884540565312
9.00019778124988
8.15746636874974
10.764417855069
5.53431909158826
6.86490336060524
6.58850549533963
3.34498106315732
3.18657905422151
8.89990197867155
4.75521320849657
4.62617863342166
8.85511582158506
5.04686748236418
6.11860031634569
10.3987820036709
7.76985233463347
6.97974868305027
9.11107542924583
10.9815853759646
8.80370262823999
10.2849881350994
6.24030779115856
4.5235083270818
9.04058022983372
9.44315561279655
8.22480237297714
6.95854063145816
5.62656844779849
5.23239636234939
6.6999209523201
3.52065579220653
6.60174540989101
10.9180627893656
6.68661800399423
3.43794165365398
4.30258804000914
7.0605598166585
3.22478494420648
7.86089032143354
8.85750995017588
8.43045983836055
8.69748545624316
9.18226700648665
9.86306305788457
10.6294541992247
8.01643570140004
8.94743712618947
3.83294101059437
9.01741534285247
10.5564957335591
8.71449472568929
10.3214402124286
8.03137043863535
5.5956263076514
9.26714756712317
8.06147895380855
8.27163737267256
7.29705067537725
6.55169942416251
5.58973194658756
7.44427183642983
3.52429533004761
3.96893278323114
4.27978645451367
4.07841295748949
7.73845933005214
4.56847117654979
5.86483924463391
6.69080460630357
10.0291232001036
4.39439102634788
3.83923049457371
3.72399320080876
3.0612979196012
6.27091794647276
4.05731877312064
5.8842344339937
8.91445650346577
10.3434974588454
3.74710056744516
9.81871931441128
8.43351116962731
4.7471838183701
4.35156575217843
5.91723983176053
7.43665884621441
5.36165096983314
3.51990413479507
6.07032698579133
3.16787289269269
9.66601887531579
6.52109273523092
6.78059357963502
6.43823508918285
3.06661855243146
7.41125388070941
3.47445989586413
4.16130244545639
10.0058011971414
9.17662877030671
8.16955801285803
6.233299350366
10.5862191524357
8.21460497006774
4.82810339331627
5.21100457757711
3.28395796939731
4.48018196411431
3.55594074167311
4.327775510028
3.49089665152133
5.68989020586014
10.6788288298994
5.45219072327018
8.091443663463
10.8868085090071
4.00312431156635
5.34103946387768
6.50380228459835
5.94623719528317
9.30099267140031
7.2960118111223
10.0950908083469
3.08006045594811
7.60343695804477
8.65576809830964
7.59488760493696
3.6529047191143
5.94280990958214
3.83877272158861
3.75906743481755
9.53538111224771
6.76686120778322
6.2710108179599
4.23591488972306
8.32260313816369
5.08981146477163
3.98941846005619
10.2864975612611
3.43424873240292
4.51302705518901
7.4812006726861
10.9582231473178
6.02006660401821
8.43009395897388
5.46591350063682
5.3625569306314
6.7460695002228
8.59583177790046
5.41831794194877
4.79007857851684
6.14160243235528
8.21011188067496
3.07837549038231
8.57134798355401
5.04357261024415
6.07106768712401
6.92419349402189
10.5046669542789
8.76616928726435
3.35153845697641
7.17288255691528
4.21674067340791
9.30596434883773
10.5159535687417
8.39086165837944
7.49936819262803
6.97890922799706
4.72533330507576
5.71041530184448
7.88998821936548
10.5006476640701
9.02118330076337
3.85316166654229
10.3602548521012
5.42333182692528
5.16666766628623
10.5846628155559
10.1746902950108
8.37338218837976
5.60625792481005
8.92137141525745
6.79150420054793
10.9167348742485
4.5112042054534
10.921259181574
9.5673365816474
10.9249148517847
3.81717609800398
10.2755695730448
7.83065462298691
4.70192725583911
5.01020662859082
6.22397912852466
6.96081409789622
3.84527308680117
7.30113752186298
9.26673861965537
9.42606851272285
8.42054932750762
6.9561524912715
3.19498775154352
10.4368506949395
4.82503621838987
4.33519325591624
4.44320886209607
7.32591972313821
4.80742844194174
9.5898212864995
5.37623290158808
10.400607842952
8.00010524876416
8.65439398214221
10.1210597474128
6.19710950739682
7.97597502544522
8.45878369733691
6.6806957591325
6.79914246872067
8.61142072640359
8.83827627822757
4.6518841702491
4.58782332018018
4.99597532115877
3.18421264365315
3.92158493027091
4.62217317149043
8.5890302862972
5.63466617465019
10.1639283355325
8.69133595749736
5.46936227194965
10.8271966855973
3.58257815986872
6.24657477997243
10.3901441767812
7.93180441483855
6.08131146430969
10.4240335058421
7.79276471585035
3.66783639788628
8.02899670787156
8.50377380102873
4.38045375980437
7.30963948741555
4.29687957651913
5.923614224419
9.94851032458246
5.35720439814031
10.8320872597396
5.8055916596204
7.40104900114238
3.25686368718743
8.33077177219093
7.84276099316776
9.09362610429525
7.13881392404437
7.46788900159299
5.75741717591882
3.74324223957956
10.2685356885195
6.50107361376286
5.51498055271804
4.19585026055574
7.12636106833816
3.50704716332257
3.31066986173391
5.49282791651785
3.99271074682474
5.64284887164831
6.58320298977196
4.30273929610848
7.43696513213217
7.05815928429365
10.6288992539048
9.67989356257021
5.60601710528135
4.40875807963312
3.06794690713286
10.070753544569
5.12822681292892
7.82915521599352
9.33655453100801
5.77300868742168
8.01295281201601
8.24007573351264
6.18344995565712
4.12240506708622
10.5170188359916
3.3626492805779
8.65116327255964
4.98526364192367
7.08886736631393
3.91475195251405
10.4556897953153
3.3987581320107
7.76544085331261
6.35308238118887
8.52735768072307
3.88296496123075
5.32050388306379
10.4211854860187
4.80831324122846
4.37229182571173
4.36577239073813
5.22875904478133
9.13399029150605
10.5093792136759
4.2438508681953
9.17440507374704
9.30385046452284
10.6225396096706
8.61423932574689
6.96877918578684
6.63686209358275
9.41102924570441
8.27795672230422
7.96821000613272
4.87653619423509
10.499522196129
10.1439975462854
10.2939173486084
7.55567499436438
3.02571226842701
8.3555137719959
5.26764510013163
6.09506324678659
10.8432398401201
8.58995222300291
9.18947489187121
6.54883506707847
9.97185547836125
7.91623444110155
6.49183761142194
8.33133994601667
10.0839287173003
7.45144897885621
3.57153352349997
3.21981464140117
4.63453533314168
9.04141555167735
4.97030923329294
10.2045734748244
4.36165291443467
8.0679344702512
5.79614956118166
8.74294204451144
8.54885150119662
9.72301278077066
9.16021886467934
7.66100423038006
6.63946362957358
9.27491045929492
10.1768874060363
9.85369207710028
3.01216953620315
3.63914775848389
4.81444988027215
8.43158555403352
7.91722641140223
9.29155782237649
9.0898964907974
10.7647835016251
10.1537209954113
10.5255742445588
6.19696885533631
7.74346347898245
6.59116305224597
6.30048201791942
5.2369129024446
6.51740172319114
5.53413135744631
9.86011463962495
9.08421614766121
9.17433684505522
3.94510695897043
8.61635763384402
5.49064714834094
9.74109214171767
4.18788972869515
8.08289618045092
4.56492455862463
6.89150585979223
9.13368307985365
8.91158805973828
4.5386717505753
9.95742923766375
8.42571288347244
7.29795783385634
4.07490408793092
8.58427803963423
4.66879746690392
9.03422874957323
10.16255431436
7.21853351034224
7.64800849370658
5.96778864786029
3.14982725679874
3.08972473070025
4.70125316083431
8.66132412850857
4.70721432939172
7.28224606812
3.0487501733005
10.2536349911243
3.99865644983947
4.85178874619305
6.14167444594204
4.28382946178317
7.0424315687269
4.96755506284535
8.76454670354724
8.46961341612041
4.29093544743955
8.44508420303464
3.42213028855622
6.282909700647
3.38204298354685
5.33355446904898
4.80044101551175
4.00301028601825
7.49385309033096
7.62740970402956
10.511857399717
10.7906652633101
6.25928580202162
5.41805176436901
9.79870432242751
9.34244047477841
3.26595623232424
9.86460866965353
9.12541695684195
10.2498118244112
10.9860874712467
5.90205352194607
5.53883582353592
6.40748384036124
8.79375739954412
3.02990732342005
10.9700631722808
6.77790712751448
6.65089892596006
8.41225813142955
5.42667493782938
6.30243929848075
8.34714442119002
4.94689428247511
10.0362489968538
8.91736671514809
6.43714330904186
5.76960990205407
5.32543546520174
6.4422253202647
4.82631843909621
4.43971074558794
5.50573740713298
5.91696899011731
4.12699058651924
3.89618372917175
4.26093539409339
10.8439238537103
3.84695097059011
7.40684770233929
7.82532533444464
4.60378747992218
3.89845272153616
8.20212992094457
4.04900303483009
3.15383309684694
5.28781156428158
3.79912495985627
7.13684163615108
5.75287878327072
7.32683853805065
8.05977960862219
4.37478601932526
7.22006580047309
10.369232557714
3.59689570590854
8.88822946697474
9.41328539699316
7.39967740513384
10.4198602475226
7.60303932614625
10.3807076457888
7.79445282742381
5.78933657892048
10.5929232593626
7.1199765522033
10.6289296485484
3.42779465019703
7.91424666903913
4.41981820017099
6.18019792623818
5.13269080966711
3.40899163857102
4.11889902316034
3.8298972081393
7.83753457292914
3.05220892839134
4.63409246318042
10.5524750258774
10.9096286799759
9.91680659539998
5.12613846547902
6.45414157770574
6.25321449525654
10.3018016312271
3.9227172229439
10.5421290248632
6.42745598778129
6.14334203675389
6.79602432250977
6.54455718956888
5.89521013014019
8.27414430864155
5.03952357918024
8.19064546376467
9.22966278158128
6.0199159309268
4.65767003037035
7.45119611360133
3.39845103211701
6.16385632753372
10.7213170994073
9.63031777925789
10.8321283571422
6.20507692359388
4.37373983673751
6.35650877468288
4.1471546497196
4.53281806223094
7.2521918527782
6.84141282550991
8.14019145816565
3.70539250783622
9.02392915077507
4.82560232654214
4.42073451913893
10.5933219268918
7.62778162769973
8.85051327198744
9.89398369193077
8.44340088777244
10.9021303318441
8.57845070026815
4.49170826748013
5.32785150967538
8.59575431421399
10.4966290406883
5.32157548330724
3.37892435304821
9.00494323670864
3.6648678239435
9.7539517916739
3.18683163821697
6.97824594937265
5.29297157377005
8.79182030633092
7.41629523411393
6.69126053526998
7.54740266129375
10.8661790527403
6.16372054070234
6.78653283976018
4.43780527636409
7.80255199223757
9.63310291990638
10.6852999236435
5.68680995702744
7.10818304494023
10.2190534248948
4.31390005536377
4.46200686693192
4.40745402500033
3.29088534787297
8.56254687719047
4.96595740504563
4.74947743304074
3.1264032330364
3.3753569368273
3.08271385543048
6.24968273192644
9.97739929519594
10.5627740472555
9.55325555056334
3.87912198714912
7.14866129308939
4.57191407494247
5.25431432574987
9.78892557695508
5.32023108005524
3.13195548020303
5.10118494182825
7.91565898805857
3.72410376369953
9.51008726097643
10.0427995920181
6.3013131339103
7.20817983150482
3.16179643385112
7.27255464531481
10.5271115619689
8.20879972353578
7.49514185450971
9.87007931061089
3.17097560316324
8.9340787101537
3.76350226067007
3.99144827015698
6.68338058516383
4.2410169262439
8.26451605185866
5.5067871697247
9.049092002213
5.52757826633751
5.3673604503274
5.42791909538209
5.50184133462608
7.82154393009841
8.49819295853376
5.17570379935205
6.69550389796495
7.66165112145245
3.45435441285372
5.55368532985449
7.68568400666118
5.06796213425696
5.97527121193707
4.15641228482127
7.33810649439692
5.28501304797828
3.53742651827633
8.57398813217878
4.86529628932476
9.25913292169571
4.04216860234737
10.3873474746943
10.1880905795842
7.23427889868617
9.10970836505294
7.46212659031153
10.0951101575047
5.27740230411291
5.18872892297804
3.52370305918157
6.71129761822522
7.00305872410536
10.9730352107435
3.87443319149315
9.13433488458395
7.59160342440009
7.33782888948917
9.00696250796318
9.13857806660235
7.4601769875735
7.50850868597627
3.68697836063802
4.34880810417235
9.59377374686301
4.18507480248809
8.07286579161882
5.67948482185602
4.40944202616811
7.21159136667848
7.65238990820944
10.8412116076797
8.44256082549691
4.04459874145687
10.5711105857044
3.30900408886373
5.89037705212831
10.4223983790725
8.76695637963712
8.61946530640125
5.97676268965006
4.45293917506933
7.30930922366679
9.60351766645908
6.97854259982705
9.73221806623042
6.32259781472385
7.36301971226931
9.36076456680894
7.80951509810984
6.02502219378948
5.20501640625298
3.52553501538932
10.3496534228325
7.66510622017086
9.58339119888842
9.29333852231503
10.6796684339643
4.77057252824306
10.6421531159431
9.7423690110445
4.87728245742619
5.05043176375329
5.34274577721953
9.26636401377618
10.1641250122339
8.62861345522106
10.3798922020942
5.31756115704775
4.91454574838281
10.8410580195487
8.89140632562339
8.57099357992411
3.22919804044068
7.2462856117636
5.95082761906087
6.49184195697308
4.66344503313303
6.10507083870471
9.37480113096535
7.19127538241446
5.08462142013013
7.29505540430546
9.80845131352544
3.62513537704945
3.34183159284294
6.94340168684721
8.85903560370207
10.1748174801469
4.51095109432936
8.45019801333547
8.2181852273643
9.50016393326223
4.09117091447115
7.91440769284964
4.89401512034237
3.22428257577121
8.32254162989557
10.3834641333669
6.12511497177184
6.94490778818727
4.54532213881612
9.7782518863678
8.39347498118877
10.3160311244428
8.7309067863971
8.49446444958448
10.8664251752198
10.982265567407
9.71032435074449
4.89593846909702
4.97789391502738
3.31582995317876
10.8385005481541
7.33876720257103
6.46504544094205
6.7589462287724
9.60176815465093
3.47285564616323
7.74372151307762
7.38326358981431
6.99431208707392
4.07754044234753
4.8468066919595
5.51452471315861
4.95786477997899
3.51369755901396
6.58859653584659
8.70239932835102
6.07483723387122
9.31314217858016
6.62594019435346
8.32534667104483
9.19606288149953
8.77571090683341
7.44085880368948
5.37875192426145
7.41546057723463
4.09902899153531
7.860376117751
4.76702816039324
8.30041359551251
4.72339472360909
9.95235905982554
9.30786827765405
9.88226988911629
4.50693088956177
10.0546758826822
9.22613096609712
5.99953125789762
9.46059405058622
